9527268244
9762847660
9850537853
9823607355
9881264957
9158165918
9921001900
9545646438
9420495827
9822859473
9881274687
9405851909
985083019
9850539202
9823502098
9822917590
9922342512
9970367058
9850776621
9850025037
9822939213
848285861
9860994979
9881829369
98228914502
8308324765
8857915013
7588638807
8625899307
9768067856
9657039669
7875741001
9823511381
9175775203
9561179094
9822553172
9975587992
9823440836
9960239037
9850545488
7744961123
9850294434
9975404915
9657040417
9890101791
9763232814
9422302319
9850555414
9922573558
9850735867
9822748915
8149203976
9923804278
9850806497
9011701481
8975861434
9923212940
7387172430
9623303271
9226920014
9822374838
9665083590
7304186046
7767983130
9158799617
9881420576
8806109104
9623292468
9767394927
9657723636
9922134310
9763824416
9604870527
9763982597
9096009698
9822007883
8308026577
8421462989
9552782044
9422345678
7972658699
7588180093
9987475431
9881332454
9850017951
9028252472
9762135662
9923003323
9096390504
9371208995
9604847398
9922378859
9850549709
8888999107
7391989359
9011710607
7385585033
9850271347
9860220661
9028771761
9096563172
9561026515
8806788743
9881896809
9657646710
9960833700
9881616693
9623392486
9850849779
9850161656
9011437093
9561103209
9763653893
9960025561
9923764003
9850434201
9867596227
9028532239
9881588891
9822367646
9623135243
8806901783
7744856173
9130460132
9730581406
9673214432
9822551005
8412983688
9834105747
020-24231507
9763977014
9763602051
9552420624
9168117949
9657308090
7057982987
9730476721
8308006414
8983349969
8983655260
9881569406
9923510322
9225688582
9975343737
9970690670
7888248054
9822328802
8308842950
8380013138
7276401378
7447371527
9552507329
8308834813
9689932620
9822806218
9604180356
8308645135
8806802751
9422016536
9011018398
9822018743/9930605673
8624883028
9689009863
9881423153/9922484967
932663347
7385283726
9970341665
8484005173
9673677862
9021549418
9762781961
9890368713
9970195989
8888926053
9765220739
8237180038
8600130154
9420409826
9028680603
8087639660
9021069937
9978743909
9822255617
8180043204
9326822332
9822974377
9373796008
9423570992
9998743909
9822086065
9890390923
9890027578
8446073688
8412044792
9890268200
8855819905
9511954572
9823756110
9763600432
7798823544
9921535858
8554841444
8087784017
9130856116
9561878606
9890326730
9822355338
8796512205
9527819783
9763307476
9372485148
9689438422
8421315937
9850471109
9623150768
9850898639
9890881415
020-25290084
9175321100
9561609499
9467845306
9423238955
8787567855
7020863404
8806306351
9403033816
9970090600
9637481153
7385397116
9602677686
9099880922
9822611529
9689257239
9422356491
7387226416
703887087
020-25290084
8412013990
9880856306
9960742455
7083883857
9888901239
977782982
7875856179
8968828949
020-25290084
8975973878
9405243771
8380079105
8052887222
8999757213
9177162935
9096337014
9168753496
7507458941
9096380032
9156469649
9881843178
9860368291
8999441702
8377835967
8329683075
9954709317
8669074766
8055517897
9595991101
9763428752
9011491791
9657097194
8087641434
8275900215
9921692706
9767753831
7017706602
9075124298
9049318266
8805608853
9545984205
9527785672
9011278818
9823728053
7776911987
9049550066
8793490391
9112946056
8999552404
7350529289
8237335041
9422143505
8888272052
8830316344
9640698787
9021466564
7887635747
9284201435
9960355175
9657557390
9988658234
7767094921
9975504951
7083175923
8408016145
8237262855
8805638753
8805067445
9763959824
9028093287
9604729648
9421002478
9067377404
9273098935
9604285998
7066203073
7040043833
9545046456
8699360062
7278451236
9503662062
8600942798
8149537324
8888212846
9673698191
8888059488
9156907322
7767984280
9765003347
7507266191
7030685019
9455704694
9921196949
9604547405
8055517180
8145306018
9086579101
9822659228
9719619520
9765534411
7083822033
9422540479
9130612755
8411075937
7038351350
7030184125
8607792874
8956823396
977928955
8605093816
9960183511
9689894986
9326033688
8408095688
7588760112
9561074036
8180065077
7507637762
9011929897
9411841335
8935237343
7875555276
9890586546
9960804755
8237966147
9096608765
952796271
9765270010
9410039697
7030386429
9673090300
9763874180
9011017336
9860087678
9623486899
9422536750
8407953983
9503126912
7798320941
9689998964
9168011543
8408816786
9637899950
9765085194
8983516991
7721907913
8483044340
9145267229
7030233558
8732049206
7057002913
8087840112
9923424354
9673960829
8007173228
9763378708
8408889243
9209146799
8275308574
9545369521
9921091887
8698274147
9272605657
8055517180
8145306018
9086579101
9921196949
9527880626
9422540479
9130612755
8411075937
9765534411
8600977230
9767575434
977928955
8605093816
9960183511
8607792874
9935338259
9665119050
9561074036
8180065077
7507637762
8408095688
7350427174
9637677620
9890586546
9960804755
8237966147
8935237343
9923639330
8600094110
7030386429
9673090300
9765270010
9403139046
8411822005
9422536750
8407953983
9860087678
9843370908
9673111328
8408816786
9637899950
9689998964
9503419236
7719840427
9145267229
7030233558
7721907913
9689857023
9422366879
9673960829
8007173228
8087840112
9604547405
7773953910
9822659228
9719619520
9209146799
7083822033
9665886941
7038351350
7030184125
9272605657
8956823396
9225555119
9689894986
9326033688
9527880626
7588760112
9455361328
9011929897
9411841335
8600977230
7875555276
9175976895
9096608765
952796271
9935338259
9410039697
9717501214
9763874180
9011017336
7350427174
9623486899
7588870448
9503126912
7798320941
9923639330
9168011543
7038883073
9765085194
8983516991
9403139046
8483044340
9689070838
8732049206
7057002913
9843370908
9923424354
9971866369
9763378708
8408889243
9503419236
8275308574
9545369521
9921091887
8698274147
9689857023
919822921299
919850523254
919890987868
919422310041
919371032899
9822495310
919503978856
919822073548
7774031655
919011201927
919421207589
919850860985
919881786751
919823216148
919423340494
919503661620
919763726180
919922500009
919096083245
919822595221
918379903138

20225851162
9175307300
9881848725
9881797628
8888804131
9657716754
9881991635
9922887640
9822558220
9049387933
9850341196
9371055847
9921911754
8379872678
9766510321
9854326798
9922993390
9371042101
9822220021
9604141897
9371042101
9922923925
9822220021
9850427994
9604141897
25851816

9822194260

9881317818

9766496358
2025851162

2025851162
2025851162
2025851162
2025851162
9922923925
9850427994
25851816
9822194260
9881317818
2025851162
9766496358
9404656965
8605526747
9970402798
9822747261
9860532003
9730253220
9765417417
880512830/860/880
9850214996/9881076537
8308379990/9970815120
9921478883
9767926003/9767966003
9881509670
9850443766/9850617860/7057209920
9922058943
9975570945
9561515454/7304879487
8805163965
9763305819
9422066769
7798880471
8793059599
9763707756
9405949900
9960308573
9763674713
9850520406
8308800743
9422562942
9890100702
9767174086
9822249328
9527463351
7276578300
9764902051
8550999920
9881149097
9766628684
9763863375
9503001587
9922489294
9552069833
9422036051
9822871341
9665281902
7058708154
9657199407
9421017423
9822496145
9604008377
7722095833
7588232269
9112344021
9822978508
25651996
9049995021
9423093224
9867722799
9371061883
9028014666
9545897325
9850391100
9850819931
7709507070
8605474391
8805750771
9850810001
8888253544
9822274148
9673128763
9730659440
9522672006
9011962435
9823997346
8378991510
8888808530
9545415871
7774028155
9860566999
8605815252
9657833447
9890248737
9823148101
7030293793
9552178430
7875988564
9764088532
9552808080
9822019278
9823042205
9822070001
9890803030
7875991006
9923796598
7798654786
9689931929
9850659437
9325430848
9823067436
9823077379
9823137988
9689283107
9823111374
9860484467
9823295546
9822089485
9766511649
9822542654
9881108661
9225672988
9423039678
9975709821
8149167600
9860022239
9975786517
9890488771
9011357665
9028077382
7045525011
9890914069
9657965322
9923209297
9604123075
9823398231
8407947070
9881366076
9860025564
9503222381
8208139036
9096499920
9158664551
9637009722
9028532763
9637378368
8390353844
9860618695
8208830584
9767143208

9921968572
7057504677
9765816995
8857945801
9158562239
9881990858
9819688870
8888985039
8698451354
9850144927
9604844807
9146123686
9823549470
9860041942
9822007429
9970922466
9850901314
9822312578
8390069729
9822067994
9552616417
7387701735
8007208263
9790864538
9881314026
9422015191
9881018834
9765976186
8999232375
8405852788
9822795018
9527927438
9270316304
9503669068
9763452356
7620202366
7798024732
9158955296
8888483878
9922886741
9527531331
9225638700
9822094006
9922454221
9822784538
8805020970
9422317015
9822637436
9503240624
9822131006
8390973094
7350000370
7757057407
9403769194
9892693244
9704625222
8888703604
8087826761
9422318910
9850803339
9922001460
9850230544
9423405469
7030240077
9921952729
9890680950
9422736536
8149002898
9145999501
9273404064
9765555866
7066530296
9921099084
7709150741
9860752040
9924000250
8888398298
8956439177/9372732975
9822194358
9922689177
9422774780
9850165827
9890500180
9011036328
7875767085/9890103260
9665970909
9130015539

9158742041/9850042041
8793145370
9766290997/7447437977
9960468950
9764830860
8412058779
9763370204/9822746383
9890496865/87932864/9
9823965775
9822601514
9527735599
9922994953
9764473833/933
9881230758
9822243094
9822396011
7387883237/7387881733
9823042538
9822612009/9850961635
9921635642
9922910678
9404317593/7276097405
9730744234
9552765588
9922902194/9922902195
9011220097
9823963047
9552594646
9545985352
27462516
9923883209
9011040642
9970008957
9011053107
9822616063
9370882708
9822636244
9579538670
9921236668
9049004981/9822831756/8793197388
9765906651
9503600555
8007896669
8856831703
9923883445
9175742172/9175742171
9922957511
9822278107/9822255107
9890845621
9822042474
9860178986
9326942438/9823085527
903873366
8975825300
8407905424
9822397610
9657539591
9545365151
9423866445
9763943412
7083928033
9730344773
9766493503
8805990200
9767240086
7741955011
9763909022
9850628836
9168287903
9890496867
7276621074
9785978520
7588254942
7276652662
9860480542
8975448670
9604198811
7721000805
7030890552
7030581460
9923625036
9689890395
9765826110
7798986058
8007233756
9465496858
8805171810
9970004198
9922957581
9422513291
9923585987
7218313525
9822564759
9890180611
9822246222
9552801470
9922398899
9422775219
9657446372
7350070772
8308827463
9822549458
9763662761
8087744545
27650868
9922446840
9890629868
7885309747
9823760296
7276097714
8805920370
7276564474
8888674227
7276530083
9767220257
9922982617
9922941187
9689690901
7709291933
9960900280
9850108802
9822604690
9763675732
9823177419
9850156849
9860434843
9422264956
9822036513
9422265477
9890805370
7798889133
9922054374
9623452933
9623453408
9657074559
9822820178
9860014154
9422523185
9822314608
8975554030
9823260180
9823524407
9922690537
8975751933
9823295454
9923800141
9657988225
9372405341
9822519115
9422328064
8600616445
9881121310
7588554055
9860523992
9767893287
9860129922
9604422162
9657786022
9422014039
9503021229
7038151130
9822413639
9890430469
9370030229
9922503543
9823851422
8975757696
9881485216
8421349954
9422330692
8485826491/7926429178
9028789626
8421238095
9921990282/9922123511
9890698768
9822445816
8956260059/8805489025/8237387299
7264026361
9850628570
9921479978
24230339/9422016771
9850838033/9912169168
9325553543
9881160337/9028466339
9822484832
7843080817
9049453927
8793661182
7385471480
9850126848/8087092177
9881473676
8888850469
9975040513
9823242334
9765915709
9021065802
9922462030
9860369290
8421309238
9960565912
9922404537
8087337007
9595497200/9890146231
9822664096
9422065922/9595853434
9960730583
9822106365
9323258310
9730384825
9970030055/8623088023
9545513599
9822995161/9922057766
8888364192
7350632160
9657728422/9552714203
9763722046
9822399274
9922969741/9049174004
7030111885
9822843307
9422544589
9422342485
9225733894
9850081174
9604182898/9145660919
8888811379/8237840037
9922448447
8380070033
9022284867/8652000218
9762347085
9158926434
9422081343/7507093344
8087517888/8856052121
9822370954/8625911976
7875779626
9822831045
9922602773
9850185373
9665728711/9503000651/9970998243
9860895497
8975276014/9604647414
8600536262
9049876244
9767740390/9881061385
9890066696/8856001651
9552104272
9860981313
9764517799
9850613174
8552003566
8600506630
9921946352
9822512333
9822512333
7058582112
8928587452

976388554
9011088258
9822304562
9850945959
9890075667
9822552615
9423022254
9850811817
7420095719
9689528866
9922426327
7588276146
9881726108
9881885514
9965151805
8657651651
9822039955
9763583428
9738324238
9049997996
9422322194
9823560531
9423530217

8308801935
8605618855
9595634222
9423877511
9923258374
9850187895
9850552596
9011021111
9823034194
9176098352
9881194746
9841850224
9765401384
9623172055
9881786217
9850848269
9970459717
9225513493
9421198934
9764755840
9423081747
9975399406
7875013560
7875279628
020-24329280
8149446349
9822102301
9011054158
9657544688
8888835471
7276015456
9371576115
9970065144
9423903800
9921228379
9850957402
7276310603
9822886040
9096611808
7350988265
8149546905
9850095566
244580888
9850907487
9689613408
9881120421
9371937100
9730066771
9371112064
8149645548
9028987975
9822073749
9604855844
7058182766
8007551272
9881987772
8446283960
9881132055
8605773429
8975288100
9960659042
7276130904
9850837013
7709244050
7888011130
9765080673
8698196035
9881569798
8600913337
9011355826
7083519432
9960074475
9822073749
9767612316
8805645096
8975621860
9762457085
9881749614
8600717650
9372727847
8605247873
9881378181
9326438279
9890072923
8600005831
7709226997
9403359597
9518542889
9730028273
9028906822
7057634977
9822794371
9403133224
9271661272
8275028093
9604322235
9371462336
9881479131
9922968992
9890698806
9850084101
9969579171
9881063735
9769118540
9890588800
9372724825
9765137883
7057133170
7588290569
9763568776
9819400768
9325500778
9404291003
9860007470
8806625957
9511674751
9970704179
9822195968
9657530128
9373318758
9125358490
7507868864
8830380619
9623136706
9960586487
9403262657
9158491580
7385995683
7350718091
8380078223
9850213409
9657771510
9763493940
8888813656
9623291112
7972462385
9881277414
9890801508
9890773722
8806735772
9096019642
8308557242
7588593718/9158300670
9922961962
8624833865
9822168588
9850441994
9822757515
8237400073
8087008103
9822628916
8888250040
9371116914
9762004152
9922776030
9960060053
9422013489
8308971127
9921946145
9850111651
9822091714
8446091977
9028404827
8888679037
9922170080
9822480999
7709678152
9850142765
9420479741
9890675348
7083739073
8552095601
8806788670
7744034473
9420479724
9822111224
9270022003
9860591006
9921092094
9420629217
9850022547
9822357421
9850111337
9850532956
9822410278
8888859928
9850569697
8483914516
7798976778
9890074848
9226780398
9226274427
9422882338
9822054092
9763215179
9552504950/49
9604388361
9822276528
9921782438
9822596161
9699905284
8605981559
9767387498
9970329370
9850179167
9673390816
9922968481
7721828011
7709151638
9850601482
9764040758
9766756451/8180914352
9763709840
7040966402
9890655784/7758062870
7276931777/9822864216
9850810193
9765282371/9764517757
8446332746
8411871201
9822820618/9503093202
7057105654/9975649117
9975853626
9881038872
8928933285
9890940933
8605863140
9890215571
9850458353
9921539587
9370655007/9372655007
8600150684
7709211598
9422343905
8554943280
9881494940
9604642217
9960487684
9850891265
9850671770
9850041306
9545520551
9881122284
9373301418
9028009601
8550994644
8975634048
8975180621
7776823000
9730079108
7769053111
9822502447
9930557202
9370166453
9421007149
9850811559
9373021104
9850053487
9881734718
9823283878
9890926562
9822024413
9657750362
9371219957
9850752922
9011072091
9921420446
9821106666
8087551350
9420696185
9763172943
9922999510
9604507641
9423243001
7709980200
9922080779
9326552722
8149194503
9975446231
9371168338
9623603193
9403186224
9881640819
9850361575
8805981088
9822063524
9890282716
9881046900
9970678076
7276010073
7276263099
9923399278
9921353984
9011803122
8605599459
9763816338
9423008141
8624898406
7735141171
9763359004
9049710855
9096178778
9637962621
9421019710
9604856266
9881303541
9373572481
9604326207
9404608098
9850934253
8087706650
9822627345
9420231658
8975909649
9823845727
9923151785
9881201778
9370131270
9763236565
9209204972
9970282244
9405783202
9767435019
9960422323
9130485841
8888309473
9970091459
9673112431
9049379396
9850771000
9860238766
8554090333
9850749218
9881240029
7350337383
9860238766
9764330399
9011046329
9130485841
8379901951
9823355317
9767790980
9850771000
9975029992
9923107403
9881859679
7350337383
9850659512
8087713992
9823638273
8379901951
9881381631
7875448845
9850861015
9850646401
9975029992
8308455468
9011440626
9527793893
9028782168
9850659512
9823890102
8271279788
9921217057
9823638273
9881381631
9527958491
8793410269
8805409744
9850847170
8308455468
9850918526
9881150923/22
9823890102
9922739216
9923100329
9527958491
8857841278
9822883166
9970091459
9175833886
9921216205
8554090333
9922887706
9890067575
9764330399
9970787193
9923690051
9657077377
9823355317
9881160058
8554090333
9763893075
9923107403
9890076928
8806410554
9420154352
8087713992
9881953185
9890008011
9860924910
9850861015
8888309473
9657077377
9881468892
9527793893
9860238766
9763893075
8412810748
9921217057
9420154352
9822860150
8805409744
9860924910
8308778090
9850918526
9881468892
9881719742
9922739216
8412810748
9702441008
8857841278
9822860150
9767720245
9175833886
8308778090
9850338934
9922887706
9881719742
9404233332
9970787193
9702441008
9960422323
9881160058
9767720245
9049379396
9890076928
9850338934
9881240029
9881953185
9404233332
9881192790
9730960047
8888500268
9371033420
9923391582
7775994050
9323940590
9326088554
8087083232
9881833513
7276090910
8440332104
9850601240
9595849990
7350001850
9881853445
9595110786
9049691000
9765829037
9372977005
9765455833
9657743261
9823025407
9822594765
9422313729/9552839434
7020794510
9881799799
9370165673/9822326074
9960197988
9420495055
9850962697
9096543613
9325724986
9011088039
9423161998
9423037350/7743900750
9422019412
9371025233
9422225141
9420215227
9881109735
9371834060
9823726968
7741916850
9823457575
9892858782
8421459022/9404233689
8427978868
8983730042
9881144330
9822020416
9271006979
9823209993
7798844522
8600141460
9850425660
9822032977
9689487287
9822051800
9890171618
9890054444
9881099106
9822060542
9922430741
9371011838
9422609922
8888424272
9881083441
9767918216
9370286263
9823081223
9158379242
7709819535
9960532233
9130011570
9422006368
8390196022
9168943863
9850984428
9850435315
9881254192
9431358895
9168843430
9657999170
9689896197
9096040625
9860013626
9867955689
8552036907
9604362233
9970966360
9604319847
9422211978
9860191309
9021787790

9822748695
9130532446
9881249031

9850043308
9766521939
8554049925
8793343003
9096149518
9850046983
7083580620

9527351568
9689432379
9850830512
7709804025
8446621525
9730069422
9860056249
8007178631
9561064998
9422591522
9822097102
9028120003
9823026669
9764000436

9423520664

9923387803
8805939500
8379978469
9545688719
9764770065
9922820475

7709078113
9823032311/611
9730076106
9819045233
9850236362
9860043212
9822443357
8806174411
9850888171

8805966306


7507129772
9637067089
8805344088


9011027759
9923104446
9822246769
9850648186
9139433325
7219519465
9168135805/6
9822220970
9922995625
9423568452
8412005566
9422516559
9523728537
9971888973
9767039606
9703004946
7744063635
9158925533
9840778233
7507602276
9623341835
9765042576
9168047844
9822069969
7385284573
9922953069
9923535141
9922565955
9421017825
9545865989
9922344491
9922887943
9823789086
9850567528
7040377707
9850424296
9730145099
9850717582
8806624543
9011239329
9881736152
9373785596
9765042576
9850797555
9822069969
020-27412732
7057182468
9923535141
9767150871
9421017825
9156173997
7385284573
9922887943
9075495492
9850567528
7378412690
9545865989
9730145099
9765818968
8806624543
7040871993
7040377707
9373785596
9028515747
9850797555
9767937575
9011239329
7057182468
9096670772
9767150871
9762222821
9767564656
9075495492
9850354697
9823725112
9765818968
8007866062
9850187288
9028515747
7776017181
8793033110
9096670772
9527921207
9689647122
9975652455
9767564656
9226746558
9657971987
9922491346
9823725112
9822315465
8796709786
9823125244
9850187288
7745854055
9822913265
9890666426
8793033110
8149641500
9527921207
9850249375
9975652455
9028359492
9226746558
9623918456
9922491346
9823822558
9822315465
9689300619
9823125244
9922776465
7745854055
8888703761
9890666426
9552060850
8149641500
9850249375
9637163941
9028359492
9623918456
9921558779
9823822558
9689300619
7776018210
9922776465
8888703761
9850707766
9765657660
9552060850
9552124125
9923042077
9637163941
8856067367
9168047844
9921558779
9921685299
9922565955
7776018210
9860266745
9823789086
9765657660
9890025330
9850717582
9923042077
9842418018
8983283889
9595029580
9850876894
9423055447
9011667938
9900408592
9823786605
7875608089
9619041358
9850691302
7083209975
9881893524
9767094061
9527040008
9763922985
9823692626
9271763641/9146079816
9822255165
9823645709
9822075791
9822745071
8308825803
992117762/9552125100
9373323303
9822285685
9326770970/9371003671
8888861860
9850702363
7666058165
9979457303
7038316441
9527052233
9028011664
9764141385
8177900127/9822834728
9922717936
9922443768
9860421219
9657750307
9011804423
9850035905
9762308575
9623316185
9822493328
9574498724
9765791965
9822487615
9881003429
9422505906
8484904373
8690441717
9763485278
9422036349
9423242050
9850861596
9881378946
9822306865
8856084929
9850437201
9923021793
9922142190
8237750761
9766259399
9822712497

9850876894
9423055447
8983283889
9552335649
9619041358
9850691302
9823786605
9960233823
9763922985
9823692626
9767094061
9096878286
9822745071
8308825803
9823645709
8888557730
8888861860
9850702363
9822285685
9822661200
9028011664
9764141385
7038316441
9822745047
9657750307
9011804423
9922443768
9765560070
9574498724
9765791965
9623316185
9225534238
9822650586
8690441717
9763485278
9422505906
9860408830
9890459862
9822306865
8856084929
9850861596
9921623233
9011667938
9900408592
9922142190
9763922985
7083209975
9881893524

9923985625
9271763641/9146079816
9822255165
9552335649
9922043514
992117762/9552125100
9373323303
9960233823
9922432520
7666058165
9979457303
9096878286
9881484584
9527052233
8177900127/9822834728
9922717936
8888557730
7057198140
9860421219
9850035905
9762308575
9822661200
9890939488
9822493328
9822487615
9881003429
9822745047
9922763334/9921000000
8484904373
9422036349
9423242050
9765560070
9822953407
9881378946
9850437201
9923021793
9822650586
9850415184
8237750761
9766259399
9822712497
9890459862
9326229969/9604729504
9731488830
7709516497
9923931818/9421020062
9371220581
9421019850
9765981218/7588330628
7798273915
9623721755/9373592993
9408019996/9168987025/8408019994
9503715331/9326183770
9765390965
9503014280
9850775585/9657222876
8888944350
7350177443
9881315758
9767668279
9766321139
9021398258/9420648475
9881312213
9552235537
9922053530/8308303560
9767892801/9049572469
8888397207
9881997446
9420886554
8275319464/8275319465
9421015812/9689916942
942064134
9850415449/7798373329
9421965234
9971778067
9623138837/9404076476
9011776412
9422346076
8657552523
9850552041
9922573561
9923957876
9762303665/9657023020
9422305368
9850415449
8796369400
9890394490
7385249914
9421055265
7776062736
9096396716
7408404220
8378075406
9922057929
9422658207
9923190316/9049781048
9372553972
9970923766/7875208243

9604393813/8310026573
9890611094
9890936326
9657676555/9921727742
9370888802
8177901646/7385110725
9403186326
9860899640
9421078887
9822940877
9404784924
8956181900/9850822822
9545560650/9766511614
9822952045
8390092470
9226741651/9762909862
9404237245
9421583495
8698323936/9762558060
9922981561/9850057571/9604414657
8698019407
9403010296
9922112979
9372860199
9822324789
9850828639
9326050344
9822087510
9850071122
8378985596
9850611881
9881062224
9423576382
8888851601
9820866680
9881136730
9881710519
9822048391
9850808927
9922908728
7588024907
8087611528
9822424209
9260670296
9850585832
9420321509
8600008456
9881045069
9561652404
9890587070
9822523448
9881129408
9860363232
8007669654
9765588471
9168110407
9970663643/8796768367
9552069534
9168015776
9175207138
8308221654
9226167609
9049482799
9960156952
9527521582

8625047985
9595222428
7387356692
9767812523

8855023367
9225226224
7083565698
9975927492
9673000282
9860332799
9011076454
8308855173
7720002197/9371512897
8141631203
9423010617
9011822414
9970082485
9372094069
9765681674
9689034879/9921949581
9689884226
7768089273
9623890784
8806853955
9623723840
9403302642
9923528646
9730310411
9112165323
9765766368
9881401898
7040715580
9623095542
7262059587
9561648992
7775808409
9922557558
7057308921
9765696013
9767727584
8087097292
7507226413
9604348080
9401565108
9130771908
8605058126
8380082151
9552532483
7769864819
9881396294
9921999856
7030530795
9730670412
9923798433
7040474753
9689154468
9822880785
9881131058
9075281163
7768820742
9860054945
7058583656
9762774395
9130357870
8855057081
9881969334
9822267755
8381011980
9172567072
8055656711
8805599589
8087072822
9403188638
8888873515
8237770809
9823702606
7507226413
9403189269
9401565108
9527739384
9604348080
8605058126
9420289645
9130771908
9552532483
9421884631
8380082151
9881396294
9766251932
7769864819
7030530795
9881414015
9921999856
9923798433
9850927600
9730670412
9822880785
9764761628
9689154468
7768820742
7038009605
9075281163
9762774395
9158801387
7058583656
7083578602
8855057081
8888625261
9822267755
9405538901
9172567072
9172568216
8805599589
9604602749
9403188638
7276131234
8237770809
9921948902
8806449205/7030183154
9922422990/8805420591
8805569723
8989981590
7276613950
9049871793

9763691964
8308748306
7507084311/8421866164
9763926270/9049050373
9075324945/8016067740
9028775545
9956909887
8805278888/8888888088
9650230625
9158040797
9730601866
9850246570
9545718630
8237116445/9623747827
7774995216
9271844850
9960323691
8412812063/9325899719
9623519273/7350411391
9422535549
9595902156/8806929176
9623961676
7276863125
9404318729
9960293304
9011635339
9860627861
9960477714
8087236459
8379948987/7709211274
7276768359
9623968245
9545773587
9096878184
9921028662
7709234560/9096323677
9527836692
9270163225
8975762615
99881279330
9763310029
9421938224
9766376570
8484008263
9637111567
7264852119
9860469591
9730907192
9657022019
9822411120
9730406042
9436737821
9822423103
9881308332
9850913622
9763683886
9595028991
8764426447
9767586829
9873214463
9689245310
9552523641
9673000001
9881348677
8390588335
8552862600
9145492160
9657671578
9689930305
9049625578
8308842390
8217697088
9011041198
9922416043
7058614350
7758016019
9763021614

9067105578
9765780674
7030272360
9657141723
9545291560
9822479295
7040422537
9011797315
9423316366
9975256044
8390432829
7798228700
9011614787
9420496351
9175572372
9422526785
9921913564
9850440860
9730065265
8975334916
9225652818
7798455777
7757084071
9552451600
8788158069
8407999269
9763719019
9765869255
9011393601
9158488631
9922063850
9049004353
9371191818
9417535284
9921333103
8605727238
7776911733
9822829850
9637816711
9822098376
7972783412
8578898168
9552745290
7038861824
9011141728
9175568460
7875702863
8888603169
9403979799
9657931971
9423204910
8087323402
9860138380
7579171841
9623733677
9890470814
7276878291
9767024219
9767188509
7385540527
8007608500
9595181065
8275208836
9823066306
8408950350
9850815589
9923794735
7350087829
7040482991
9975061027
9922735952
8421193025
7709844955
9850840516
8805366131
8007925886
9112748825
8007294735
9762915469
9763554262
9168175729
8007305854
9420751451
9527789690
8698334145
9960885462
8446496323
9818562362
8975478104
7249380335
9763385165
9552364761
9763822337
9766869657
7040217927
9860481973
8275139239
9011539117
9822725587
7588664254
9712101567
9156739567
9673509200
7588237216
9662785005
9403660671
8551913950
9680389291
8446994841
9860313826
9403113615
9881607921
8605288839
8888542027
7385478900
9921692487
9421036097
9096800754
9423020533
9890233127
7972694116
7276607840
9767594351
8755180858
9860182210
9545626816
9881479875
8805466121
7507820075
9763295140
9623185103
9689914049
7049922134
7304732084
9168011055
9604770144
9404227496
8999403639
9767791834
9175757033
9764856490
8698564449
8074454764
8551097779
8888860543
9673575959
9730240260
9890961973
9467010991
8378021097
8007089253
7083131234
9881743805
8087166665
9890038507
9420565768
9815126430
8972536711
8408807186
7028900322
9890694116
9763233351
8668783509
8793311722
9284737014
9651013474
9422310079
9855710118
8989792379
9850719735
9950749871
9518924365
8830682129
9130847090
9421768734
9763304816
7004003529
9921229087
9112633414
9921196785
9511808954
8805466121
7038239300
9049111896
8411044104
9422210423
7798626802
9665403282
9860000914
7722008175
9422942233
9923713272
7318666096
7307357062
7588232581
9623127054
9373617430
9049937525
7066658232
8888423754
9598230169
8605339640
8657293929
8420320686
8053738896
9422542034
9657910773
9167031179
9657577799
9665040960
7757930784
9860279444
9273237728
7709825190
9881208486
7507065255
9822440405
8421772020
8788987972
9420495711
9011060070
9168216417
9156794685
8237882382
7773964304
9822876660
9371033311
9096148881
8888162301
8308261630
7741013802
9960699907
9765282011
9021485727
7350013061
9890653379
9975113067
9975563448
9822619507
9762762858
9822529815
9881407943
9373637600
9960623168
9822732727
9657512923
9823472551
952772166
9145660083
7972980177
9922908510
9987861782
9890606644
9890410760
9879208482
9011078710
9049002620
9764005486
9527326896
9890410760
9423656179
9822194947
8237889417
9011019312
9423913800
9823013052
9922244676
9004605244/43
9422274408
7020236258
9552571780
9673282820
9099677277
9374348580
9890854838
9960914182
9820374749
8550963311
9552554620
9869693954
7040661175
9527902491
9823458844
9860501764
9325518893
9422526899
9823453812
9890229339
9850263783
9421016576
9881045303
9850560027
8698500709
9850591559
7385727392
9657755945
8855857719
9689813710
9762221971
7744912795
9765609385
9766910777
9767032328
9822442965
9970178178
9762441212
8308402241
9921925259
7030600019
9422877415
9764658828
9552523736
7757957773
9850890235
9822214085
9822932111
9821969942
9823009575
9011697180

9764074425
7775040179
9552599035
8421632150
9767624297
9822801426
9422520401
9923420885
9822447926
9011072050
8149204125
9975038214
9604848177
9890360166
9096127199
9890289903
9028334399
9422008802
9767729989
9922138778
8551085187
9850262763
9225676767
9422010860
9096500500
9922377049
985063555
9922921604
9561550229
9923885766
9890751619
9503382813
9552520302
9867593283
9096727109
9763894893
9766595137
9890813569
8308850185
9890416182
9881123520
9765445543
9860266464
9881716398
9970181856
9823214870
9423041183
9404963360
9881251280
9370733399
9371701412
9657002174
9527749154
9823375707
7709686868
9922424963
9822457326
9422023339

9371014555
8237599599
9881099032
9822025055
9822098968
9890127713
9881307712
9763719513
9371460669
9820878872
7774008392


9960772893
8805187707
7798475123
9850039158
9175531353
9822007481
9545500086
9822449143
9881719738
9825804224
9921444988
9822335067
8007248538
8007064361
9970941613
9822048801
8888226801
9850060877
9850022888
8698082570
9689840810
9764005647
9922501370
9860114666
9922435355
9823461515
9850228701
9960392580
9822838656
9657188089
9623012076
9921348693
9623339885
9922376481
9881490027
9371841126
9823036098
9225517294
9970391201
9527324487
9881301212
8888880571
8888162371
9422308222
9922215731/8446464929
9764413435
7769889657/9595555583
9927912763
7498621835
9890412458/9272367522
8805965598/9403262916
7719077009/9881042763
9890820105
9823187293
9527918571/9503617148
9823367742/8087327746
7798885704
9175845200
9405188988
9423024216/8793096818
9762221022/8421976597
8698497138/9049037407
9850866769/8975878488
9767097792/9270367521
9881372466
9561682008/9850739605
8605736521/9665365741
9527903807/9850977411
9421464330/9637614092
8552888813/9881001887
9546454645/9921691214
9260558982/744083556
9765703520
9850566748
9823115541
9823073585/9573087401
9764702020

9890235503/9860606012
9325190844/8007035725

9665978121/9922138324
9689934505/9805252463
9822045417
8087611259
8888556943/9011059689
9545999670
9011092273
9850653183
9320884148
9822846766
9765394223
9763686365
9421936418
8087587808
9850379958
8007897166
9604702904
8888851470
9922501977
9561336244
9423008686
9762815110
9423571988
9766319741
9404963726
9960008360
9881588371
9326202241
9860244323
9420696996
9372402187
9011528940
8975768268
9011149279
8796121271
8793119942
9561711213
9881237617
9767587586
8600520530
9881935454
9881548538
9822773085
9960591094
9850423520
9595248963
9822566670
9823232425
9923797966
9890607693
9422004850
9604765224
9422570971
9922246278

9823349888
9923925858
8411880405
8806788184
9372110882
9881073027
9423002182
9421080407
9923414393
9881153664
9422318667
9325273878
9423866583
9890772774
9822273772
9822256656
9503225718
9373185966
7722032440
9922131877
9595012525
9850473638
9960687146
9922343876
9766202682
8149004242
9657645559
9822073172
9890939923
9226766303
9420171060
9822806869
9923906900
9860588155
9822815336
9545040984
7720937201
9762660537
9850966968
9822339819
9975806324
9922465482
9890605059
9766502682
8856861952
9325985350
9850034227
9923142034
9823032752
8087843395
8149005151
9860204100
9850104873
8888156016
9604954950
9822449634
9822509873
9423210155
9850231759
9423213146
9423242128
9922110671
9970456882
9689929312
9075211513
9175261323
9987323540
9689216551
9765590022
9168496222
9765293174
9850365433
9923753874
9922009386
7875812479
9860710988
7387236290
9922322209
9850903269
9270234637
9604708469
8087670636
7875177931
9921282443
9921031709
9823409503
9175377126
9762982255
9881037577
9763191173
9689927142
9623113583
9623565242
8888427410
9967949866
9881651426
9921000496
9923743332
9923119372
7410185558
9923233407
9923743332
9604294994
9763640940
7040399153
8888555898
9822476780
9527468178
9822054109
9850595368
9422057516
8087596396
9011755889
9823038376
9850740452
9850687484
9326308183
9766628751
9923456201
9822620699
9730033742
9767842335
9767607881
9922670726
9881049035
9762176176
9404683043
7030529001
8888217685
9527672346
9881199002
9623035116
9371420684
8805962120
9921648447
8806855566
9850728209
9890991976
9921177752
8421226650
9503249152
9960528360
9890730112
9921993736
9890707230
9423237073
9922931703
8408014107
9623020442
9960178573
9921429174
7276016851
9011397782
9689935728
8963338425
9604386693
9766636111
9881325459
8806064427
9823626993
8888302951
7350480562
8390931709
9922310928
9527282535
7276557501
9604880554
9325641057
9860498001
9881153879
9767575827
9657960549
9860972331
8380947270
9689676247
9623299680
9850791499
9850707599
8308930571
7276036395
8308923845
9272660216
9011950490
9637745860
9371730927
9921089856
7774007594
8796556212
9900866353
9990388882
9004672777
8007964369
9850624998
7774007594
8796556212
9900866353
9990388882
9004672777
8007964369
9850624998
9850199272
98600990914/8600990915
9881721291
9765337014
9900003826
9769571250/9967746251
7709011447
9096311444
9764441674
8793266956
9764007282
8308291881
8888710352
9890067919
9765352593
9403986683
9953993551
9822590597
9822546543
8888872805
9820642841
9370544274
8308087371
9923021507
9881471078
9421056219
9766290833
9075006952
9960470199
9561220873
9420940436
7875444931
9423782253
9423327705
9881131031
7875449736
9833560020
9049235946
8308940051
9423044336
9881828992
9371023640
9423044336
9823999586
7768989696
8668309773
9623274700
9822030928
8390003833
9764994949
9371558951
9881470631
9763248665
7774027826
9860910777
9881081639
9890623270
9823074869
9049082599
9922443089
9823197580
9960009940
9158004238
9158989630
9975263940
9422336418
9881461126
9822815367
9021891694
9823996018
9665558810
9209140224
9881548311
9422706062
9923874602
8805057037
8796421193
9922442610
9922533971
7588031281
8956599224
9011041671
9209192459
9956111321
8888392007
9850831752
9422307679
9657549977
9373504731
8862047685
9623304252
9822613654
9765392254
9850064144
9561910482
9552875290
9822114677
9422303510
7218159501
8055298366
8411841950
8999043359
8308689605
9920233373
9623477677
9011032107
9370287575
9922454779
7769080744
9822074121
9822284267
9225720453
9552834747
9921238470
9890037065
9987089092
8308300906
8554912173
8411866322
7038850499
8483935891
9527294374
970070738
7262093089
9970139494
9503325666
8087025325
9156358870
7709292944
9922097027
9763314949

9225507661
9850818589
8411902641
9518350544
9130464529
9763645036
9545651166
9545450326
9822398891
8237848583
7057168998
9881275689
9511606618
9975474119
9869435672
9372579303
9975153153
7887836472
9175527879
9766976602
8624098104
8551912602
9604901257
9225601906
9960918549
9923005577
8149141805
9860023512
7276998819
7038337747
9975559461
9503142900
9823731562
7057687837
9960377399
9766732867
9975559462
9970905352
8830704722
9028248330
9922632604
7149832498
9766871172
8421342004

9767417696

9028010972
9975075125
9637240244
9822423858
9922992910
9545542119
9420164234
8308974500
7798989025
9049912480
9422361588
9960225586
9822830127
7757899928
9822546334
9820580556
9960106225

9860134873
9823875957

9823065565
9881447093
9049006990
9371798502
9689896049
9423012964
9604857244
8600101340
9822073804
9422280883
9890644490
9763255507
8484959696
9822743471
9850840237
9422310760
9049855693/7875336012
9922012663
8446336889/9927759727
9423576137
9371041613/8805638051

9822047715
9923767676/9371394625
9822804223/7768848811
9822095568/9623718743
9422355297
9823833003
9403766182
9822024253/9921243627
9822202005/9922422005
942001669
9822074041/9822339037
9527262794
9552017483
9604591149/9561916114
9372050436
9822864402
9923716879
7276667890
9822314902
7058131370/9823678610
8421150078
9623673962/9527653139
9922981111/8796132848
9175666677
8805769809/7057571206
9527111696/9527442799
9423003357/9921101753
9422007539
9096663447

9503279499
9822502512
7620701200/8055189258
9766257202
7875255751/9422007661
9226242500/9372643460/8983042500
7798572815
9921731739/9049480067
9881477972
9822872312/9850986018
9890985184
9850084215
9850034048
9850839109
8928849969/9326304777
9730832450
8446608880/9420898880
9822745601/9370596560
9881101546/9881101547
9766027434
9881302692
9975263980
9265458792
9860771897
9604510669
9766514192
8308135697
9623081283
9766514192
9175999232
9890992185
9970162677
9425255704
9689837115
9860930506
9850535254
8380848978
8452321121
8888982202
9925263920
9923429173
9096030670
9156941346
9706288838
9921980844
9822645741
9226886611
9764599978
9850954949
9960750841
9767121004
9860234012
9763155963
9561023999
9822531872
9822880837

9011061406
8007030837
9881658261
7762842617
9625115737
9028244850
9850741970
9822196186
9922963806
9503780796
9822674083
9823156738
9890644807
9623355578
8888672278
9822886958
9527515346
7387328785
9423233568
7767976464
9226795050
9764899091
9881100889
9604047042
9922986386
9881675990
9881052595
9623304713
9604488748
9767968245
9767813309
9049124606
9822720691
9763699542
9561023999
9850172359
9881787520
9850267778
9922353033
9850621086
9822840479
9922933735
9921252159
9527269393
9881043321
9764886471
9822347846
9823997128
8421195879
7709739682
9640709190
9767625740
8624933327
9561816581
8888744386
9689149431
9552014203
8308614499
9881943970
9823005340
9673007975
9226335635
880548614
9561023999
9822959322

7057671165
9689229689
8888850493
9001153342
9423827554
9881009949
9158708608
9762877309
9881122236
9922663330
8087076172
9689622079
8275465861
9767199627
9764416226
9922663330
9623022676
9764559505
7776009335
9970377876

8308327640
9766184181
7507241029
8600530685
9763311886
9527177689
9405846506
7875719653
9850642409
9767285286
8983805517
9604403079
9552252675
7507207189
9604845370
9730416342
7507082732
8698849222
9921891181
8275817890
9561099275
9673338899
9967712426
9823777111
7350017715
9850807772
7709977480
9820817281
9922935285
9860137631
9130001738
9823990605
9420482379
8600102252
8308843671
9049987353

9075006508
9822377820
9823838844
9220816474
9822024115
9450000091
9711208481
9423206181
9960571671
9822347834
9850241544
9325501076
9689919529
9822603760
9673257722
985021690
9822377065
9922485234
9326068023
7057862243
9822020884
9923565952
9595143150
9767756891
9850117944
9657704116
9764320022
9822347834
9765387387
9922991991
9960571671
9850029102
9673257722
7588946542
9850764740
9822603760
9822417682
7057862243
9422942631
9421001928
9326068023
9881414397
9850117944
9021232066
9970734354
9767756891
9923631589
9922991991
9326869711
9623030161
9822089911
9765387387
9370799955
9850764740
9730624984
9850444818
8308665727
7588946542
9850580469
9421001928
9764117026
9422942631
7276845110
9970734354
9923200014
9021232066
8888846984
9822089911
8007901157
9326869711
9139368150
8308665727
9561087561
9730624984
9689935013
9922940288
9325501076
981120054
9764117026
9226738538
9637108230
9822377065
9921665986
9923200014
9422081160
9923565952
7588180075
8007901157
8657797560
9764320022
9970709477
9561087561
9545883432
9850029102
7276309545
981120054
9765290310
9822417682
9373850015
9921665986
9049855879
9881414397
9921514515
7588180075
9422025813
9923631589
9823028699
9970709477
9130795380
9370799955
7798989173
7276309545
9767625943
9850580469
9822915201
9373850015
9130541201
7276845110
9225501421
9921514515
9890054212
8888846984
9420798949
9823028699
9422066877
9139368150
9921823276
7798989173
9623030161
9689935013
9881090903
9822915201
9850444818
9226738538
9423206181
9225501421
9850241544

9689919529
9420798949
985021690
9975360652
9922485234
9921823276
9822020884
9595143150
9881090903
9657704116
9921920637
9527109857
9860417819
8488024502
9224011460
9922845841
9881991391
8975788644
9028317210
9226236236
9403184849
9421827446
8624087539
7588223400
7385684322
8806002577
9552897082
9860295863
9970966167
9049781928
9604103311

9545824744
9527109857
9011044205
8488024502
9822201773
9922845841
7058144388
8975788644

9145267983
9226236236

9028189913
9421827446

9423856670
7588223400
9822718169
7218152152


9921920637
9822592162
9860417819
9890690687
9224011460
9970966167
9881991391
9604103311
9028317210
9545824744
9403184849
9011044205
8624087539
9822201773
7385684322

9552897082
9145267983
9860295863
9028189913
9049781928

8793202377
7218152152
9028469293
7507024709
8806266652
9766167613
7276340602
9657451678
8605720063
9822067817
7709104584
9011309111
9890971713
9822494965
8421238683
9850012968
9822624224
9922841639
7385862840
8888218653
9923905775
9028330543
9604542262
9923718718
9881130218
8483837913
7709605125
9422008600
9604375584
9975394609
9765894042
8421536907
9922034034
9421827215
9922065312
9822247847
9325352826
8856887741
8841888298
9657966657
9850757537
9850112946
9503761771
9527246558
9850792015
9762151705
9326997205
9960286208
9826308355
9768988088
8805649086
9021657568
9881107256
8275878431
9822688933
9028445466
9326509080
9689897368
9800211946
9763643177
8796005663
7058600257
9881737448
9665187222
9827833288
9028043249
8977743210
9764550745
9860457175
9764167996
9595566163
9920935607
9422508600
9028783391
9325236694
8975643259
8626087899
9403333589
7276761507
9822379737
9765106154
7350728954
8625964268
7720003221
9922753267
9673198054
9049058999
8482900869
9850138601
9326286467
9665751232
8087992870
8529423572
9850784690
9975990554
9767527711
8806266652
9175499807
8605884718
8983044505
9552120578
9923890367
9689724581
9767876682
9823422486
9657898105
8856992868
8806906677
9270980281
8087957159
9011223026
9673259181
9881461808
9822435377
9028758806
9881123340
9673191984
9673330019
9657888436
8007387504
8007284181
7841028903
7057566385
9822829551
9422085526
8237805922
9890699399
020-24362718
020-24251430
94210256 25
9765455813
9850270380
020-24410410
9561044649
9922954707
9422008438
9822881968
9921758899
9423001341
020-24390025
020-24348038

9049410333
9422345805
9225543403
9960043334
9975693691
9850677681
020-24452554
9822422153
8421317072
9823167513
8421317072
8975759688
8888818801
9420495228
9699348451
9970944738
9822595900
80555660055
020-24352138
9850158504
7798079531
9049009790
9423047581
8975823573
020-24357161
9769600546
020-24412821
9860550511
9371960558
9422004559
9011379415
020-24352620
9325111069
9822261842
9850170198
9422003265
942306829
9881641108
9763720160
9890442720
9822874714
9689260452
020-24354936
9209081042
020-24350281
9850960811
2024350197
9881198881
020-24351113
9011616650
2024357455
9527363720
9405026127
9921301877
7798884220
9881419900
9765406088
020-24204170
020-24227726
224227726
9275636209
9673644400
020-24451441
020-26136555
9960605857
9921019866
9822650344
9762410982
9881393286
9881438619
2024204581
9921952863
8087832643
9921354999
9850886660
9403186214
9860005024
9423004307
8888009200
9922349234
9028551281
8605416499
9850437280
9623023852
2024370708
9850666012
020-24570707
9423571582
224570707
9922102971
9890876154
9623953953
9822353191
9623953953
9822353191
9850043218
9552272464
9922502207
9881975152
9623310067
7387812495
9657902059
9764259642
9325013725
9822843525
9422311329
7385291799
9011831879
9637320440
7776895326
9922889034
9975726969
9209618892
9922926392
9975977592
8793708966
9922208194
9766291565
9922502207
020-60502100
9623310067
9766157273
9922166455
9764259642
8793009302
9822843525
8237009030
8605161041
9860799342
7387812495
9011831879
9422338434
7798048905
7798902712
8805019843
9422311329
9209618892
9730044165
8237777159
9405680809
9223504003
9922889034
9766291565
8007305014
9922995615
9850822394
8482828889
8793708966
9922166455
7722072897
7755990009
922599090
8605161041
9822001186
9922052397
9527292710
7798902712
8380097213
7276017017
8149485596
9405680809
9767040887
9765551700
9762613763
9850822394
8888396414
9975132796
9881135244
922599090
9822979770
9765282180
9527292710
9763103736
9403608558
8149485596
7276932009
9881230050
9762613763
8805016961
8087568747
9881135244
9923904560
7276588998
9765282180
9850809617
7447227335
9403608558
7745836303
9850008124
9881230050
8624899991
9225512469
8087568747
9028310685
9011290892
7276588998
9922809293
7385964050
7447227335
9370511231
9960466645
9850008124
8149848499
9426427024
9225512469
9272758885
9011615877
9011290892
9922426847
9881975152
7385964050
9970984991
9325013725
9960466645
8805538894
9637320440
9426427024
8605389750
9922926392
9011615877
9822759981
9011677822
9011248721
8956666902
8796444413
8484820377
8411965153
8308021875
8237025578
8149156698
8149031239
8087445744
8007941497
8007468338
7875850091
7774077303
7709429351
7588337102
7507732988
7507233111
7276401221
7030157726
9673999677
9975367099
9881674132
9923420185
9860205407
9850298494
9011359980
9822398152
9921655037
8600039745
9765405478
9765408052
9822146921/9637270032/25816261
9881291843
9767726774
9595288783
9921865117
9767851518
9707968674
7507288703
9226566068
9922258939
9766147404
9763091142
9922749642
9860269786
8855809464
9823142272/9763854567
7774003111/9689612870
9822051211
9082208495
9404683362
9850659855
9763240252/9890908981
9881379638
9763391286
9923721386
9850215337
8087794037/7350903351
9975965573
9545940744
9922195992
8805983636/9371077487
9850982936/9766731829
8796274949
9028766477
9822057540/8421782324
9763102496

9960844800
9764527085
9850948445
8888811514/9767310061
9890530768
9822414565

9923043099
9850546001
9823136059
9960361317
9860343100
9422305154/9422316917
9689931896
9850810042
9850851982
9422320470
9850275723
9887135163
9096023925
9890381193
9823647711
9922332164
841200952
9225510806
9960990374/9822012902
9604852524
9890494235/8600107105
9850815253
9960148440
9423005561
8390110740
9822997684
9822083416
9822689469/9822297757
9552428891/8605711587
9423222960
8983564456/9922564456
9822672509
9822252853
9881024747
9975937187
8975781539
9454645650
9011394493
9689422531
9767125947
9881151394
9422523192
9960469330/9890162989
9850248519/9822556385
9890620930
8055839303/8055533369
8007185850
9405015723
9960427338
9890008999/8888783177
9763313914
9270562373
9011269801/9881265769
9011080484
9673802555
9975430377
9096551268
8793352986
7057281524
9822254570
9765408126
9156266555
9960226993
9922550803
9371025994
9921782691
9769136177
9822789767
9850584523/9545954552
8605701981
9156745408
7057866311
9766253939
9028734676
9890096246
9657141552
8796816652
9225657857/9822647959
8605287873/8975224081
8805060500
9922990127
9881376526
9823793309
9822232998
9403408899
9850965286
9822862623
9921419999
9823147345
9910070350
982200823
9881431421
9890046968
9881040456
9527351069
7038178802
9823895217
8857840510
9657311567
9552737549
9921004360
9763526545
9922250539
7057805774
9665033809
9767788589
9049985521
9890371069
7448154142
9922223545
9689977895
8796052328
9923833226
9881995885
9922595170
9271288486
7745040434
9423203011
9763688911
9527408702
8483086740
9767972754
9730283610
9623577930
9823692935
9370924924
9767830044
7304624274
9595290100
9850729846
8857038951
9822984402
9764562078
9960154241
8421740308
9011291053
9762024147
9763459321
9970987243
9860176111
9595613245
9881285186
9922077951
9422793089
9860152766
9075229664
9767360207
9850254840
8999095648
9890417421
8482921473
9404900623
8793330821
7588891527
9326547202
8208907345
9850983845
9552152945
8329192931
9689890599
9158690760
9881777186
7385587985
8605696382
9075643999
9226799416
9922538467
9675414041
9850602230
9049407894
8208960395
8055511698
9689780095
8275048427
8087051133
9403966799
9689936744
9096547713
9422870850
8446416495
9923090174
7385391824
9273040214
8308265926
8087038501
9423270361
9881072295
9272335635
8805019730
9822943855
9657114946
9881140392
8087709021
9420169874
9552873773
9096802779
9767392041
7350050511
9890609757
9822423735
9923011812
9623056126
8625939460
9623635352
9922671536
8446330142
8623054852
9766623211
9604644901
9767896344
9112657323
9373424343
9545346600
9922452513
9404382797
9860000250
9822007079
9175742662
9922112057
8698649920
9420861862
9420179178
9822882622
9881932711
9850811261
9823398994
9890801672
9763117787
9279581326
8275066582
9850986062
9145284324
9689656655
9767194909
9011579677
7020147579
9960354894
7038235686
7276672906
7768902272
9890507199
9834379097
9834216275
9765766661
8888296534
7219661103
9423235342
9284548167
9850345651
9850846922
9422003313
9371004038
9422987368
9273504395
9423582683
9766640668
9822070854
9970196230
9960003913
8983107074
9823059390
9922614750
9049957065
9850555820
9765807069
9420189597
8378952969
9822975165
9860152090
8806014412
9922130720/8308432871
8055769659
9881025423
9822642271
7385563109
9922130720

9922962620
7040662280
9623719054
9657977708
8378999069
9881380852
9422314656
9595243431
9604087832
9881197122
7040851110
9325199866
9960219495
9175663366
9881234135
9373020104
9623455882
7263831830
9763111186
9623715686
9960665299
9623301432
9503307612
9766343436
9764718911
7058181994
8087717931
7030354578
8421139398
9371052196
9822609840
9822827792
7387121479
9604603473
9272124747
9765099458
9271462223
9767403574
9673222988
9766708169
9822917087
9922610772
9767524428
8805032233
8855021941
9890634449
9860238766